Precision : 0.937984496124031
Recall : 0.9758064516129032
F1-Score : 0.9565217391304347
Hamming-Loss : 0.03481012658227848
